Time,Connectivity
0.00,1
0.17,1
0.33,1
0.50,1
0.67,1
0.83,1
1.00,1
1.17,1
1.33,1
1.50,1
1.67,1
1.83,1
2.00,1
2.17,1
2.33,1
2.50,1
2.67,1
2.83,1
3.00,1
3.17,1
3.33,1
3.50,1
3.67,1
3.83,0
4.00,0
4.17,0
4.33,0
4.50,0
4.67,0
4.83,0
5.00,0
5.17,0
5.33,0
5.50,0
5.67,0
5.83,0
6.00,0
6.17,0
6.33,0
6.50,0
6.67,0
6.83,0
7.00,0
7.17,0
7.33,0
7.50,0
7.67,0
7.83,0
8.00,0
8.17,0
8.33,0
8.50,0
8.67,0
8.83,0
9.00,0
9.17,0
9.33,0
9.50,0
9.67,0
9.83,0
10.00,0
10.17,0
10.33,0
10.50,0
10.67,0
10.83,0
11.00,0
11.17,0
11.33,0
11.50,0
11.67,0
11.83,0
12.00,0
12.17,0
12.33,0
12.50,0
12.67,0
12.83,0
13.00,0
13.17,0
13.33,0
13.50,0
13.67,0
13.83,0
14.00,0
14.17,0
14.33,0
14.50,0
14.67,0
14.83,0
15.00,0
15.17,0
15.33,0
15.50,0
15.67,0
15.83,0
16.00,0
16.17,0
16.33,0
16.50,0
16.67,0
16.83,0
17.00,0
17.17,0
17.33,0
17.50,0
17.67,0
17.83,0
18.00,0
18.17,0
18.33,0
18.50,0
18.67,0
18.83,0
19.00,0
19.17,0
19.33,0
19.50,0
19.67,0
19.83,0
20.00,1
20.00,1
20.17,1
20.33,0
20.50,0
20.67,0
20.83,0
21.00,0
21.17,0
21.33,0
21.50,0
21.67,0
21.83,0
22.00,0
22.17,0
22.33,0
22.50,0
22.67,0
22.83,0
23.00,0
23.17,0
23.33,0
23.50,0
23.67,0
23.83,0
24.00,0
24.17,0
24.33,0
24.50,0
24.67,0
24.83,0
25.00,0
25.17,0
25.33,0
25.50,0
25.67,0
25.83,0
26.00,0
26.17,0
26.33,0
26.50,0
26.67,0
26.83,0
27.00,0
27.17,0
27.33,0
27.50,0
27.67,0
27.83,0
28.00,0
28.17,0
28.33,0
28.50,0
28.67,0
28.83,0
29.00,0
29.17,0
29.33,0
29.50,0
29.67,0
29.83,0
30.00,0
30.17,0
30.33,0
30.50,0
30.67,0
30.83,0
31.00,0
31.17,0
31.33,0
31.50,0
31.67,0
31.83,0
32.00,0
32.17,0
32.33,0
32.50,0
32.67,0
32.83,0
33.00,0
33.17,0
33.33,0
33.50,0
33.67,0
33.83,0
34.00,0
34.17,0
34.33,0
34.50,0
34.67,0
34.83,0
35.00,0
35.17,0
35.33,0
35.50,0
35.67,0
35.83,0
36.00,0
36.17,0
36.33,0
36.50,0
36.67,0
36.83,0
37.00,0
37.17,0
37.33,0
37.50,0
37.67,0
37.83,0
38.00,0
38.17,0
38.33,0
38.50,0
38.67,0
38.83,0
39.00,0
39.17,0
39.33,0
39.50,0
39.67,0
39.83,1
40.00,1
40.00,1
40.17,1
40.33,1
40.50,0
40.67,0
40.83,0
41.00,0
41.17,0
41.33,0
41.50,0
41.67,0
41.83,0
42.00,0
42.17,0
42.33,0
42.50,0
42.67,0
42.83,0
43.00,0
43.17,0
43.33,0
43.50,0
43.67,0
43.83,0
44.00,0
44.17,0
44.33,0
44.50,0
44.67,0
44.83,0
45.00,0
45.17,0
45.33,0
45.50,0
45.67,0
45.83,0
46.00,0
46.17,0
46.33,0
46.50,0
46.67,0
46.83,0
47.00,0
47.17,0
47.33,0
47.50,0
47.67,0
47.83,0
48.00,0
48.17,0
48.33,0
48.50,0
48.67,0
48.83,0
49.00,0
49.17,0
49.33,0
49.50,0
49.67,0
49.83,0
50.00,0
50.17,0
50.33,0
50.50,0
50.67,0
50.83,0
51.00,0
51.17,0
51.33,0
51.50,0
51.67,0
51.83,0
52.00,0
52.17,0
52.33,0
52.50,0
52.67,0
52.83,0
53.00,0
53.17,0
53.33,0
53.50,0
53.67,0
53.83,0
54.00,0
54.17,0
54.33,0
54.50,0
54.67,0
54.83,0
55.00,0
55.17,0
55.33,0
55.50,0
55.67,0
55.83,0
56.00,0
56.17,0
56.33,0
56.50,0
56.67,0
56.83,0
57.00,0
57.17,0
57.33,0
57.50,0
57.67,0
57.83,0
58.00,0
58.17,0
58.33,0
58.50,0
58.67,0
58.83,0
59.00,0
59.17,0
59.33,0
59.50,0
59.67,1
59.83,1
60.00,1
60.00,1
60.17,1
60.33,1
60.50,1
60.67,1
60.83,0
61.00,0
61.17,0
61.33,0
61.50,0
61.67,0
61.83,0
62.00,0
62.17,0
62.33,0
62.50,0
62.67,0
62.83,0
63.00,0
63.17,0
63.33,0
63.50,0
63.67,0
63.83,0
64.00,0
64.17,0
64.33,0
64.50,0
64.67,0
64.83,0
65.00,0
65.17,0
65.33,0
65.50,0
65.67,0
65.83,0
66.00,0
66.17,0
66.33,0
66.50,0
66.67,0
66.83,0
67.00,0
67.17,0
67.33,0
67.50,0
67.67,0
67.83,0
68.00,0
68.17,1
68.33,1
68.50,1
68.67,1
68.83,1
69.00,1
69.17,1
69.33,1
69.50,1
69.67,1
69.83,1
70.00,1
70.17,1
70.33,1
70.50,0
70.67,0
70.83,0
71.00,0
71.17,0
71.33,0
71.50,0
71.67,0
71.83,0
72.00,0
72.17,0
72.33,0
72.50,0
72.67,0
72.83,0
73.00,0
73.17,0
73.33,0
73.50,0
73.67,0
73.83,0
74.00,0
74.17,0
74.33,0
74.50,0
74.67,0
74.83,0
75.00,0
75.17,0
75.33,0
75.50,0
75.67,0
75.83,0
76.00,0
76.17,0
76.33,0
76.50,0
76.67,0
76.83,0
77.00,0
77.17,0
77.33,0
77.50,0
77.67,0
77.83,0
78.00,0
78.17,0
78.33,0
78.50,0
78.67,0
78.83,0
79.00,0
79.17,0
79.33,0
79.50,0
79.67,1
79.83,1
80.00,1
80.00,1
80.17,1
80.33,1
80.50,1
80.67,1
80.83,1
81.00,1
81.17,1
81.33,1
81.50,1
81.67,1
81.83,1
82.00,1
82.17,1
82.33,1
82.50,1
82.67,1
82.83,1
83.00,1
83.17,1
83.33,1
83.50,1
83.67,1
83.83,1
84.00,1
84.17,1
84.33,1
84.50,1
84.67,1
84.83,1
85.00,1
85.17,1
85.33,1
85.50,1
85.67,1
85.83,1
86.00,1
86.17,1
86.33,1
86.50,1
86.67,1
86.83,1
87.00,1
87.17,1
87.33,1
87.50,1
87.67,1
87.83,1
88.00,1
88.17,1
88.33,1
88.50,1
88.67,1
88.83,1
89.00,1
89.17,1
89.33,1
89.50,1
89.67,1
89.83,1
90.00,1
90.17,1
90.33,1
90.50,1
90.67,1
90.83,1
91.00,1
91.17,1
91.33,1
91.50,1
91.67,1
91.83,1
92.00,1
92.17,1
92.33,1
92.50,1
92.67,1
92.83,1
93.00,1
93.17,1
93.33,1
93.50,1
93.67,1
93.83,1
94.00,1
94.17,1
94.33,1
94.50,1
94.67,1
94.83,1
95.00,1
95.17,1
95.33,1
95.50,1
95.67,1
95.83,1
96.00,1
96.17,1
96.33,1
96.50,1
96.67,1
96.83,1
97.00,1
97.17,1
97.33,1
97.50,1
97.67,1
97.83,1
98.00,1
98.17,1
98.33,1
98.50,1
98.67,1
98.83,1
99.00,1
99.17,1
99.33,1
99.50,1
99.67,1
99.83,1
100.00,1
100.00,1
100.17,1
100.33,1
100.50,1
100.67,1
100.83,1
101.00,1
101.17,1
101.33,1
101.50,1
101.67,1
101.83,1
102.00,1
102.17,1
102.33,1
102.50,1
102.67,1
102.83,1
103.00,1
103.17,1
103.33,1
103.50,1
103.67,1
103.83,1
104.00,1
104.17,1
104.33,1
104.50,1
104.67,1
104.83,1
105.00,1
105.17,1
105.33,1
105.50,1
105.67,1
105.83,1
106.00,1
106.17,1
106.33,1
106.50,1
106.67,1
106.83,1
107.00,1
107.17,1
107.33,1
107.50,1
107.67,1
107.83,1
108.00,1
108.17,1
108.33,1
108.50,1
108.67,1
108.83,1
109.00,1
109.17,1
109.33,1
109.50,1
109.67,1
109.83,1
110.00,1
110.17,1
110.33,1
110.50,1
110.67,1
110.83,1
111.00,1
111.17,1
111.33,1
111.50,1
111.67,1
111.83,1
112.00,1
112.17,1
112.33,1
112.50,1
112.67,1
112.83,1
113.00,1
113.17,1
113.33,1
113.50,1
113.67,1
113.83,1
114.00,1
114.17,1
114.33,1
114.50,1
114.67,1
114.83,1
115.00,1
115.17,1
115.33,1
115.50,1
115.67,1
115.83,1
116.00,1
116.17,1
116.33,1
116.50,1
116.67,1
116.83,1
117.00,1
117.17,1
117.33,1
117.50,1
117.67,1
117.83,1
118.00,1
118.17,1
118.33,1
118.50,1
118.67,1
118.83,1
119.00,1
119.17,1
119.33,1
119.50,1
119.67,1
119.83,1
120.00,1
120.00,1
120.17,1
120.33,1
120.50,0
120.67,0
120.83,0
121.00,0
121.17,0
121.33,0
121.50,0
121.67,0
121.83,0
122.00,0
122.17,0
122.33,0
122.50,0
122.67,0
122.83,0
123.00,0
123.17,0
123.33,0
123.50,0
123.67,0
123.83,0
124.00,0
124.17,0
124.33,0
124.50,0
124.67,0
124.83,0
125.00,0
125.17,0
125.33,0
125.50,0
125.67,0
125.83,0
126.00,0
126.17,0
126.33,0
126.50,0
126.67,0
126.83,0
127.00,0
127.17,0
127.33,0
127.50,0
127.67,0
127.83,0
128.00,0
128.17,0
128.33,0
128.50,0
128.67,0
128.83,0
129.00,0
129.17,0
129.33,0
129.50,0
129.67,0
129.83,0
130.00,0
130.17,0
130.33,0
130.50,0
130.67,0
130.83,0
131.00,0
131.17,0
131.33,0
131.50,0
131.67,0
131.83,0
132.00,0
132.17,0
132.33,0
132.50,0
132.67,0
132.83,0
133.00,0
133.17,0
133.33,0
133.50,0
133.67,0
133.83,0
134.00,0
134.17,0
134.33,0
134.50,0
134.67,0
134.83,0
135.00,0
135.17,0
135.33,0
135.50,0
135.67,0
135.83,0
136.00,0
136.17,0
136.33,0
136.50,0
136.67,0
136.83,0
137.00,0
137.17,0
137.33,0
137.50,0
137.67,0
137.83,0
138.00,0
138.17,0
138.33,0
138.50,0
138.67,0
138.83,0
139.00,0
139.17,0
139.33,0
139.50,0
139.67,0
139.83,1
140.00,1
140.00,1
140.17,1
140.33,0
140.50,0
140.67,0
140.83,0
141.00,0
141.17,0
141.33,0
141.50,0
141.67,0
141.83,0
142.00,0
142.17,0
142.33,0
142.50,0
142.67,0
142.83,0
143.00,0
143.17,0
143.33,0
143.50,0
143.67,0
143.83,0
144.00,0
144.17,0
144.33,0
144.50,0
144.67,0
144.83,0
145.00,0
145.17,0
145.33,0
145.50,0
145.67,0
145.83,0
146.00,0
146.17,0
146.33,0
146.50,0
146.67,0
146.83,0
147.00,0
147.17,0
147.33,0
147.50,0
147.67,0
147.83,0
148.00,0
148.17,0
148.33,0
148.50,0
148.67,0
148.83,0
149.00,0
149.17,0
149.33,0
149.50,0
149.67,0
149.83,0
150.00,0
150.17,0
150.33,0
150.50,0
150.67,0
150.83,0
151.00,0
151.17,0
151.33,0
151.50,0
151.67,0
151.83,0
152.00,0
152.17,0
152.33,0
152.50,0
152.67,0
152.83,0
153.00,0
153.17,0
153.33,0
153.50,0
153.67,0
153.83,0
154.00,0
154.17,0
154.33,0
154.50,0
154.67,0
154.83,0
155.00,0
155.17,0
155.33,0
155.50,0
155.67,0
155.83,0
156.00,0
156.17,0
156.33,0
156.50,0
156.67,0
156.83,0
157.00,0
157.17,0
157.33,0
157.50,0
157.67,0
157.83,0
158.00,0
158.17,0
158.33,0
158.50,0
158.67,0
158.83,0
159.00,0
159.17,0
159.33,0
159.50,0
159.67,0
159.83,1
160.00,1
160.00,1
160.17,1
160.33,0
160.50,0
160.67,0
160.83,0
161.00,0
161.17,0
161.33,0
161.50,0
161.67,0
161.83,0
162.00,0
162.17,0
162.33,0
162.50,0
162.67,0
162.83,0
163.00,0
163.17,0
163.33,0
163.50,0
163.67,0
163.83,0
164.00,0
164.17,0
164.33,0
164.50,0
164.67,0
164.83,0
165.00,0
165.17,0
165.33,0
165.50,0
165.67,0
165.83,0
166.00,0
166.17,0
166.33,0
166.50,0
166.67,0
166.83,0
167.00,0
167.17,0
167.33,0
167.50,0
167.67,0
167.83,0
168.00,0
168.17,0
168.33,0
168.50,0
168.67,0
168.83,0
169.00,0
169.17,0
169.33,0
169.50,0
169.67,0
169.83,0
170.00,0
170.17,0
170.33,0
170.50,0
170.67,0
170.83,0
171.00,0
171.17,0
171.33,0
171.50,0
171.67,0
171.83,0
172.00,0
172.17,0
172.33,0
172.50,0
172.67,0
172.83,0
173.00,0
173.17,0
173.33,0
173.50,0
173.67,0
173.83,0
174.00,0
174.17,0
174.33,0
174.50,0
174.67,0
174.83,0
175.00,0
175.17,0
175.33,0
175.50,0
175.67,0
175.83,0
176.00,0
176.17,0
176.33,0
176.50,0
176.67,0
176.83,0
177.00,0
177.17,0
177.33,0
177.50,0
177.67,0
177.83,0
178.00,0
178.17,0
178.33,0
178.50,0
178.67,0
178.83,0
179.00,0
179.17,0
179.33,0
179.50,0
179.67,0
179.83,1
180.00,1
180.00,1
180.17,1
180.33,1
180.50,1
180.67,1
180.83,1
181.00,1
181.17,1
181.33,1
181.50,1
181.67,1
181.83,1
182.00,1
182.17,1
182.33,1
182.50,1
182.67,1
182.83,1
183.00,1
183.17,1
183.33,1
183.50,1
183.67,1
183.83,1
184.00,1
184.17,1
184.33,1
184.50,1
184.67,1
184.83,1
185.00,1
185.17,1
185.33,1
185.50,1
185.67,1
185.83,1
186.00,1
186.17,1
186.33,1
186.50,1
186.67,1
186.83,1
187.00,1
187.17,1
187.33,1
187.50,1
187.67,1
187.83,1
188.00,1
188.17,1
188.33,1
188.50,1
188.67,1
188.83,1
189.00,1
189.17,1
189.33,1
189.50,1
189.67,1
189.83,1
190.00,1
190.17,1
190.33,1
190.50,1
190.67,1
190.83,1
191.00,1
191.17,1
191.33,1
191.50,1
191.67,1
191.83,1
192.00,1
192.17,1
192.33,1
192.50,1
192.67,1
192.83,1
193.00,1
193.17,1
193.33,1
193.50,1
193.67,1
193.83,1
194.00,1
194.17,1
194.33,1
194.50,1
194.67,1
194.83,1
195.00,1
195.17,1
195.33,1
195.50,1
195.67,1
195.83,1
196.00,1
196.17,1
196.33,1
196.50,1
196.67,1
196.83,1
197.00,1
197.17,1
197.33,1
197.50,1
197.67,1
197.83,1
198.00,1
198.17,1
198.33,1
198.50,1
198.67,1
198.83,1
199.00,1
199.17,1
199.33,1
199.50,1
199.67,1
199.83,1
200.00,1
200.00,1
200.17,1
200.33,1
200.50,1
200.67,1
200.83,1
201.00,1
201.17,1
201.33,1
201.50,1
201.67,1
201.83,1
202.00,1
202.17,1
202.33,1
202.50,1
202.67,1
202.83,1
203.00,1
203.17,1
203.33,1
203.50,1
203.67,1
203.83,0
204.00,0
204.17,0
204.33,0
204.50,0
204.67,0
204.83,0
205.00,0
205.17,0
205.33,0
205.50,0
205.67,0
205.83,0
206.00,0
206.17,0
206.33,0
206.50,0
206.67,0
206.83,0
207.00,0
207.17,0
207.33,0
207.50,0
207.67,0
207.83,0
208.00,0
208.17,0
208.33,0
208.50,0
208.67,0
208.83,0
209.00,0
209.17,0
209.33,0
209.50,0
209.67,0
209.83,0
210.00,0
210.17,0
210.33,0
210.50,0
210.67,0
210.83,0
211.00,0
211.17,0
211.33,0
211.50,0
211.67,0
211.83,0
212.00,0
212.17,0
212.33,0
212.50,0
212.67,0
212.83,0
213.00,0
213.17,0
213.33,0
213.50,0
213.67,0
213.83,0
214.00,0
214.17,0
214.33,0
214.50,0
214.67,0
214.83,0
215.00,0
215.17,0
215.33,0
215.50,0
215.67,0
215.83,0
216.00,0
216.17,0
216.33,0
216.50,0
216.67,0
216.83,0
217.00,0
217.17,0
217.33,0
217.50,0
217.67,0
217.83,0
218.00,0
218.17,0
218.33,0
218.50,0
218.67,0
218.83,0
219.00,0
219.17,0
219.33,0
219.50,0
219.67,1
219.83,1
220.00,1
240.00,1
240.17,1
240.33,1
240.50,1
240.67,1
240.83,1
241.00,1
241.17,1
241.33,1
241.50,1
241.67,1
241.83,1
242.00,1
242.17,1
242.33,1
242.50,1
242.67,1
242.83,1
243.00,1
243.17,1
243.33,1
243.50,1
243.67,1
243.83,0
244.00,0
244.17,0
244.33,0
244.50,0
244.67,0
244.83,0
245.00,0
245.17,0
245.33,0
245.50,0
245.67,0
245.83,0
246.00,0
246.17,0
246.33,0
246.50,0
246.67,0
246.83,0
247.00,0
247.17,0
247.33,0
247.50,0
247.67,0
247.83,0
248.00,0
248.17,0
248.33,0
248.50,0
248.67,0
248.83,0
249.00,0
249.17,0
249.33,0
249.50,0
249.67,0
249.83,0
250.00,0
250.17,0
250.33,0
250.50,0
250.67,0
250.83,0
251.00,0
251.17,0
251.33,0
251.50,0
251.67,0
251.83,0
252.00,0
252.17,0
252.33,0
252.50,0
252.67,0
252.83,0
253.00,0
253.17,0
253.33,0
253.50,0
253.67,0
253.83,0
254.00,0
254.17,0
254.33,0
254.50,0
254.67,0
254.83,0
255.00,0
255.17,0
255.33,0
255.50,0
255.67,0
255.83,0
256.00,0
256.17,0
256.33,0
256.50,0
256.67,0
256.83,0
257.00,0
257.17,0
257.33,0
257.50,0
257.67,0
257.83,0
258.00,0
258.17,0
258.33,0
258.50,0
258.67,0
258.83,0
259.00,0
259.17,0
259.33,1
259.50,1
259.67,1
259.83,1
260.00,1
260.00,1
260.17,1
260.33,1
260.50,1
260.67,1
260.83,0
261.00,0
261.17,0
261.33,0
261.50,0
261.67,0
261.83,0
262.00,0
262.17,0
262.33,0
262.50,0
262.67,0
262.83,0
263.00,0
263.17,0
263.33,0
263.50,0
263.67,0
263.83,0
264.00,0
264.17,0
264.33,0
264.50,0
264.67,0
264.83,0
265.00,0
265.17,0
265.33,0
265.50,0
265.67,0
265.83,0
266.00,0
266.17,0
266.33,0
266.50,0
266.67,0
266.83,0
267.00,0
267.17,0
267.33,0
267.50,0
267.67,0
267.83,0
268.00,0
268.17,0
268.33,0
268.50,0
268.67,0
268.83,0
269.00,0
269.17,0
269.33,0
269.50,0
269.67,0
269.83,0
270.00,0
270.17,0
270.33,0
270.50,0
270.67,0
270.83,0
271.00,0
271.17,0
271.33,0
271.50,0
271.67,0
271.83,0
272.00,0
272.17,0
272.33,0
272.50,0
272.67,0
272.83,0
273.00,0
273.17,0
273.33,0
273.50,0
273.67,0
273.83,0
274.00,0
274.17,0
274.33,0
274.50,0
274.67,0
274.83,0
275.00,0
275.17,0
275.33,0
275.50,0
275.67,0
275.83,0
276.00,0
276.17,0
276.33,1
276.50,1
276.67,1
276.83,1
277.00,1
277.17,1
277.33,1
277.50,1
277.67,1
277.83,1
278.00,1
278.17,1
278.33,1
278.50,1
278.67,1
278.83,1
279.00,1
279.17,1
279.33,1
279.50,1
279.67,1
279.83,1
280.00,1
280.00,1
280.17,1
280.33,1
280.50,0
280.67,0
280.83,0
281.00,0
281.17,0
281.33,0
281.50,0
281.67,0
281.83,0
282.00,0
282.17,0
282.33,0
282.50,0
282.67,0
282.83,0
283.00,0
283.17,0
283.33,0
283.50,0
283.67,0
283.83,0
284.00,0
284.17,0
284.33,0
284.50,0
284.67,0
284.83,0
285.00,0
285.17,0
285.33,0
285.50,0
285.67,0
285.83,0
286.00,0
286.17,0
286.33,0
286.50,0
286.67,0
286.83,0
287.00,0
287.17,0
287.33,0
287.50,0
287.67,0
287.83,0
288.00,0
288.17,0
288.33,0
288.50,0
288.67,0
288.83,0
289.00,0
289.17,0
289.33,0
289.50,0
289.67,0
289.83,0
290.00,0
290.17,0
290.33,0
290.50,0
290.67,0
290.83,0
291.00,0
291.17,0
291.33,0
291.50,0
291.67,0
291.83,0
292.00,0
292.17,0
292.33,0
292.50,0
292.67,0
292.83,0
293.00,0
293.17,0
293.33,0
293.50,0
293.67,0
293.83,0
294.00,0
294.17,0
294.33,0
294.50,0
294.67,0
294.83,0
295.00,0
295.17,0
295.33,0
295.50,0
295.67,0
295.83,0
296.00,0
296.17,0
296.33,0
296.50,0
296.67,0
296.83,0
297.00,0
297.17,0
297.33,0
297.50,0
297.67,0
297.83,0
298.00,0
298.17,0
298.33,0
298.50,0
298.67,0
298.83,0
299.00,0
299.17,0
299.33,0
299.50,0
299.67,0
299.83,1
300.00,1
300.00,1
300.17,1
300.33,1
300.50,1
300.67,0
300.83,0
301.00,0
301.17,0
301.33,0
301.50,0
301.67,0
301.83,0
302.00,0
302.17,0
302.33,0
302.50,0
302.67,0
302.83,0
303.00,0
303.17,0
303.33,0
303.50,0
303.67,0
303.83,0
304.00,0
304.17,0
304.33,0
304.50,0
304.67,0
304.83,0
305.00,0
305.17,0
305.33,0
305.50,0
305.67,0
305.83,0
306.00,0
306.17,0
306.33,0
306.50,0
306.67,0
306.83,0
307.00,0
307.17,0
307.33,0
307.50,0
307.67,0
307.83,0
308.00,0
308.17,0
308.33,0
308.50,0
308.67,0
308.83,0
309.00,0
309.17,0
309.33,0
309.50,0
309.67,0
309.83,0
310.00,0
310.17,0
310.33,0
310.50,0
310.67,0
310.83,0
311.00,0
311.17,0
311.33,0
311.50,0
311.67,0
311.83,0
312.00,0
312.17,0
312.33,0
312.50,0
312.67,0
312.83,0
313.00,0
313.17,0
313.33,0
313.50,0
313.67,0
313.83,0
314.00,0
314.17,0
314.33,0
314.50,0
314.67,0
314.83,0
315.00,0
315.17,0
315.33,0
315.50,0
315.67,0
315.83,0
316.00,0
316.17,0
316.33,0
316.50,0
316.67,0
316.83,0
317.00,0
317.17,0
317.33,0
317.50,0
317.67,0
317.83,0
318.00,0
318.17,0
318.33,0
318.50,0
318.67,0
318.83,0
319.00,0
319.17,0
319.33,0
319.50,0
319.67,0
319.83,0
320.00,1
320.00,1
320.17,1
320.33,1
320.50,1
320.67,1
320.83,1
321.00,1
321.17,1
321.33,1
321.50,1
321.67,1
321.83,1
322.00,1
322.17,1
322.33,1
322.50,1
322.67,1
322.83,1
323.00,1
323.17,1
323.33,1
323.50,1
323.67,1
323.83,1
324.00,1
324.17,1
324.33,1
324.50,1
324.67,1
324.83,1
325.00,1
325.17,1
325.33,1
325.50,1
325.67,1
325.83,1
326.00,1
326.17,1
326.33,1
326.50,1
326.67,1
326.83,1
327.00,1
327.17,1
327.33,1
327.50,1
327.67,1
327.83,1
328.00,1
328.17,1
328.33,1
328.50,0
328.67,0
328.83,0
329.00,0
329.17,0
329.33,0
329.50,0
329.67,0
329.83,0
330.00,0
330.17,0
330.33,0
330.50,0
330.67,0
330.83,0
331.00,0
331.17,0
331.33,0
331.50,0
331.67,0
331.83,0
332.00,0
332.17,0
332.33,0
332.50,0
332.67,0
332.83,0
333.00,0
333.17,0
333.33,0
333.50,0
333.67,0
333.83,0
334.00,0
334.17,0
334.33,0
334.50,0
334.67,0
334.83,0
335.00,0
335.17,0
335.33,0
335.50,0
335.67,0
335.83,0
336.00,0
336.17,0
336.33,1
336.50,1
336.67,1
336.83,1
337.00,1
337.17,1
337.33,1
337.50,1
337.67,1
337.83,1
338.00,1
338.17,1
338.33,1
338.50,1
338.67,1
338.83,1
339.00,1
339.17,1
339.33,1
339.50,1
339.67,1
339.83,1
340.00,1
340.00,1
340.17,1
340.33,1
340.50,1
340.67,1
340.83,1
341.00,1
341.17,1
341.33,1
341.50,1
341.67,1
341.83,1
342.00,1
342.17,1
342.33,1
342.50,1
342.67,1
342.83,1
343.00,1
343.17,1
343.33,1
343.50,1
343.67,1
343.83,1
344.00,1
344.17,1
344.33,1
344.50,1
344.67,1
344.83,1
345.00,1
345.17,1
345.33,1
345.50,1
345.67,1
345.83,1
346.00,1
346.17,1
346.33,1
346.50,1
346.67,1
346.83,1
347.00,1
347.17,1
347.33,1
347.50,1
347.67,1
347.83,1
348.00,1
348.17,1
348.33,1
348.50,1
348.67,1
348.83,1
349.00,1
349.17,1
349.33,1
349.50,1
349.67,1
349.83,1
350.00,1
350.17,1
350.33,1
350.50,1
350.67,1
350.83,1
351.00,1
351.17,1
351.33,1
351.50,1
351.67,1
351.83,1
352.00,1
352.17,1
352.33,1
352.50,1
352.67,1
352.83,1
353.00,1
353.17,1
353.33,1
353.50,1
353.67,1
353.83,1
354.00,1
354.17,1
354.33,1
354.50,1
354.67,1
354.83,1
355.00,1
355.17,1
355.33,1
355.50,1
355.67,1
355.83,1
356.00,1
356.17,1
356.33,1
356.50,1
356.67,1
356.83,1
357.00,1
357.17,1
357.33,1
357.50,1
357.67,1
357.83,1
358.00,1
358.17,1
358.33,1
358.50,1
358.67,1
358.83,1
359.00,1
359.17,1
359.33,1
359.50,1
359.67,1
359.83,1
360.00,1
360.00,1
360.17,1
360.33,1
360.50,1
360.67,1
360.83,1
361.00,1
361.17,1
361.33,1
361.50,1
361.67,1
361.83,1
362.00,1
362.17,1
362.33,1
362.50,1
362.67,1
362.83,1
363.00,1
363.17,1
363.33,1
363.50,1
363.67,1
363.83,1
364.00,1
364.17,1
364.33,1
364.50,1
364.67,1
364.83,1
365.00,1
365.17,1
365.33,1
365.50,1
365.67,1
365.83,1
366.00,1
366.17,1
366.33,1
366.50,1
366.67,1
366.83,1
367.00,1
367.17,1
367.33,1
367.50,1
367.67,1
367.83,1
368.00,1
368.17,1
368.33,1
368.50,1
368.67,1
368.83,1
369.00,1
369.17,1
369.33,1
369.50,1
369.67,1
369.83,1
370.00,1
370.17,1
370.33,1
370.50,1
370.67,1
370.83,1
371.00,1
371.17,1
371.33,1
371.50,1
371.67,1
371.83,1
372.00,1
372.17,1
372.33,1
372.50,1
372.67,1
372.83,1
373.00,1
373.17,1
373.33,1
373.50,1
373.67,1
373.83,1
374.00,1
374.17,1
374.33,1
374.50,1
374.67,1
374.83,1
375.00,1
375.17,1
375.33,1
375.50,1
375.67,1
375.83,1
376.00,1
376.17,1
376.33,1
376.50,1
376.67,1
376.83,1
377.00,1
377.17,1
377.33,1
377.50,1
377.67,1
377.83,1
378.00,1
378.17,1
378.33,1
378.50,1
378.67,1
378.83,1
379.00,1
379.17,1
379.33,1
379.50,1
379.67,1
379.83,1
380.00,1
400.00,1
400.17,1
400.33,1
400.50,0
400.67,0
400.83,0
401.00,0
401.17,0
401.33,0
401.50,0
401.67,0
401.83,0
402.00,0
402.17,0
402.33,0
402.50,0
402.67,0
402.83,0
403.00,0
403.17,0
403.33,0
403.50,0
403.67,0
403.83,0
404.00,0
404.17,0
404.33,0
404.50,0
404.67,0
404.83,0
405.00,0
405.17,0
405.33,0
405.50,0
405.67,0
405.83,0
406.00,0
406.17,0
406.33,0
406.50,0
406.67,0
406.83,0
407.00,0
407.17,0
407.33,0
407.50,0
407.67,0
407.83,0
408.00,0
408.17,0
408.33,0
408.50,0
408.67,0
408.83,0
409.00,0
409.17,0
409.33,0
409.50,0
409.67,0
409.83,0
410.00,0
410.17,0
410.33,0
410.50,0
410.67,0
410.83,0
411.00,0
411.17,0
411.33,0
411.50,0
411.67,0
411.83,0
412.00,0
412.17,0
412.33,0
412.50,0
412.67,0
412.83,0
413.00,0
413.17,0
413.33,0
413.50,0
413.67,0
413.83,0
414.00,0
414.17,0
414.33,0
414.50,0
414.67,0
414.83,0
415.00,0
415.17,0
415.33,0
415.50,0
415.67,0
415.83,0
416.00,0
416.17,0
416.33,1
416.50,1
416.67,1
416.83,1
417.00,1
417.17,1
417.33,1
417.50,1
417.67,1
417.83,1
418.00,1
418.17,1
418.33,1
418.50,1
418.67,1
418.83,1
419.00,1
419.17,1
419.33,1
419.50,1
419.67,1
419.83,1
420.00,1
420.00,1
420.17,1
420.33,1
420.50,1
420.67,1
420.83,1
421.00,1
421.17,1
421.33,1
421.50,1
421.67,1
421.83,1
422.00,1
422.17,1
422.33,1
422.50,1
422.67,1
422.83,1
423.00,1
423.17,1
423.33,1
423.50,1
423.67,1
423.83,1
424.00,1
424.17,1
424.33,1
424.50,1
424.67,1
424.83,1
425.00,1
425.17,1
425.33,1
425.50,1
425.67,1
425.83,1
426.00,1
426.17,1
426.33,1
426.50,1
426.67,1
426.83,1
427.00,1
427.17,1
427.33,1
427.50,1
427.67,1
427.83,1
428.00,1
428.17,1
428.33,1
428.50,1
428.67,1
428.83,1
429.00,1
429.17,1
429.33,1
429.50,1
429.67,1
429.83,1
430.00,1
430.17,1
430.33,1
430.50,1
430.67,1
430.83,1
431.00,1
431.17,1
431.33,1
431.50,1
431.67,1
431.83,1
432.00,1
432.17,1
432.33,1
432.50,1
432.67,1
432.83,1
433.00,1
433.17,1
433.33,1
433.50,1
433.67,1
433.83,1
434.00,1
434.17,1
434.33,1
434.50,1
434.67,1
434.83,1
435.00,1
435.17,1
435.33,1
435.50,1
435.67,1
435.83,1
436.00,1
436.17,1
436.33,1
436.50,1
436.67,1
436.83,1
437.00,1
437.17,1
437.33,1
437.50,1
437.67,1
437.83,1
438.00,1
438.17,1
438.33,1
438.50,1
438.67,1
438.83,1
439.00,1
439.17,1
439.33,1
439.50,1
439.67,1
439.83,1
440.00,1
440.00,1
440.17,1
440.33,1
440.50,0
440.67,0
440.83,0
441.00,0
441.17,0
441.33,0
441.50,0
441.67,0
441.83,0
442.00,0
442.17,0
442.33,0
442.50,0
442.67,0
442.83,0
443.00,0
443.17,0
443.33,0
443.50,0
443.67,0
443.83,0
444.00,0
444.17,0
444.33,0
444.50,0
444.67,0
444.83,0
445.00,0
445.17,0
445.33,0
445.50,0
445.67,0
445.83,0
446.00,0
446.17,0
446.33,0
446.50,0
446.67,0
446.83,0
447.00,0
447.17,0
447.33,0
447.50,0
447.67,0
447.83,0
448.00,0
448.17,0
448.33,0
448.50,0
448.67,0
448.83,0
449.00,0
449.17,0
449.33,0
449.50,0
449.67,0
449.83,0
450.00,0
450.17,0
450.33,0
450.50,0
450.67,0
450.83,0
451.00,0
451.17,0
451.33,0
451.50,0
451.67,0
451.83,0
452.00,0
452.17,0
452.33,0
452.50,0
452.67,0
452.83,0
453.00,0
453.17,0
453.33,0
453.50,0
453.67,0
453.83,0
454.00,0
454.17,0
454.33,0
454.50,0
454.67,0
454.83,0
455.00,0
455.17,0
455.33,0
455.50,0
455.67,0
455.83,0
456.00,0
456.17,0
456.33,0
456.50,0
456.67,0
456.83,0
457.00,0
457.17,0
457.33,0
457.50,0
457.67,0
457.83,0
458.00,0
458.17,0
458.33,0
458.50,0
458.67,0
458.83,0
459.00,0
459.17,0
459.33,0
459.50,0
459.67,1
459.83,1
460.00,1
460.00,1
460.17,1
460.33,1
460.50,0
460.67,0
460.83,0
461.00,0
461.17,0
461.33,0
461.50,0
461.67,0
461.83,0
462.00,0
462.17,0
462.33,0
462.50,0
462.67,0
462.83,0
463.00,0
463.17,0
463.33,0
463.50,0
463.67,0
463.83,0
464.00,0
464.17,0
464.33,0
464.50,0
464.67,0
464.83,0
465.00,0
465.17,0
465.33,0
465.50,0
465.67,0
465.83,0
466.00,0
466.17,0
466.33,0
466.50,0
466.67,0
466.83,0
467.00,0
467.17,0
467.33,0
467.50,0
467.67,0
467.83,0
468.00,0
468.17,0
468.33,0
468.50,0
468.67,0
468.83,0
469.00,0
469.17,0
469.33,0
469.50,0
469.67,0
469.83,0
470.00,0
470.17,0
470.33,0
470.50,0
470.67,0
470.83,0
471.00,0
471.17,0
471.33,0
471.50,0
471.67,0
471.83,0
472.00,0
472.17,0
472.33,0
472.50,0
472.67,0
472.83,0
473.00,0
473.17,0
473.33,0
473.50,0
473.67,0
473.83,0
474.00,0
474.17,0
474.33,0
474.50,0
474.67,0
474.83,0
475.00,0
475.17,0
475.33,0
475.50,0
475.67,0
475.83,0
476.00,0
476.17,0
476.33,0
476.50,0
476.67,0
476.83,0
477.00,0
477.17,0
477.33,0
477.50,0
477.67,0
477.83,0
478.00,0
478.17,0
478.33,0
478.50,0
478.67,0
478.83,0
479.00,0
479.17,0
479.33,1
479.50,1
479.67,1
479.83,1
480.00,1
480.00,1
480.17,1
480.33,1
480.50,1
480.67,1
480.83,1
481.00,1
481.17,1
481.33,1
481.50,1
481.67,1
481.83,1
482.00,1
482.17,0
482.33,0
482.50,0
482.67,0
482.83,0
483.00,0
483.17,0
483.33,0
483.50,0
483.67,0
483.83,0
484.00,0
484.17,0
484.33,0
484.50,0
484.67,0
484.83,0
485.00,0
485.17,0
485.33,0
485.50,0
485.67,0
485.83,0
486.00,0
486.17,0
486.33,0
486.50,0
486.67,0
486.83,0
487.00,0
487.17,0
487.33,0
487.50,0
487.67,0
487.83,0
488.00,0
488.17,0
488.33,0
488.50,0
488.67,0
488.83,0
489.00,0
489.17,0
489.33,0
489.50,0
489.67,0
489.83,0
490.00,0
490.17,0
490.33,0
490.50,0
490.67,0
490.83,0
491.00,0
491.17,0
491.33,0
491.50,0
491.67,0
491.83,0
492.00,0
492.17,0
492.33,0
492.50,0
492.67,0
492.83,0
493.00,0
493.17,0
493.33,0
493.50,0
493.67,0
493.83,0
494.00,0
494.17,0
494.33,0
494.50,0
494.67,0
494.83,0
495.00,0
495.17,0
495.33,0
495.50,0
495.67,0
495.83,0
496.00,0
496.17,0
496.33,0
496.50,0
496.67,0
496.83,0
497.00,0
497.17,0
497.33,0
497.50,0
497.67,0
497.83,0
498.00,0
498.17,0
498.33,0
498.50,0
498.67,0
498.83,0
499.00,0
499.17,0
499.33,0
499.50,0
499.67,0
499.83,1
500.00,1
500.00,1
500.17,1
500.33,1
500.50,1
500.67,1
500.83,0
501.00,0
501.17,0
501.33,0
501.50,0
501.67,0
501.83,0
502.00,0
502.17,0
502.33,0
502.50,0
502.67,0
502.83,0
503.00,0
503.17,0
503.33,0
503.50,0
503.67,0
503.83,0
504.00,0
504.17,0
504.33,0
504.50,0
504.67,0
504.83,0
505.00,0
505.17,0
505.33,0
505.50,0
505.67,0
505.83,0
506.00,0
506.17,0
506.33,0
506.50,0
506.67,0
506.83,0
507.00,0
507.17,0
507.33,0
507.50,0
507.67,0
507.83,0
508.00,0
508.17,0
508.33,0
508.50,0
508.67,0
508.83,0
509.00,0
509.17,0
509.33,0
509.50,0
509.67,0
509.83,0
510.00,0
510.17,0
510.33,0
510.50,0
510.67,0
510.83,0
511.00,0
511.17,0
511.33,0
511.50,0
511.67,0
511.83,0
512.00,0
512.17,0
512.33,0
512.50,0
512.67,0
512.83,0
513.00,0
513.17,0
513.33,0
513.50,0
513.67,0
513.83,0
514.00,0
514.17,0
514.33,0
514.50,0
514.67,0
514.83,0
515.00,0
515.17,0
515.33,0
515.50,0
515.67,0
515.83,0
516.00,0
516.17,0
516.33,0
516.50,0
516.67,0
516.83,0
517.00,0
517.17,0
517.33,0
517.50,0
517.67,0
517.83,0
518.00,0
518.17,0
518.33,0
518.50,0
518.67,0
518.83,0
519.00,0
519.17,0
519.33,0
519.50,0
519.67,1
519.83,1
520.00,1
520.00,1
520.17,1
520.33,1
520.50,1
520.67,1
520.83,1
521.00,1
521.17,1
521.33,1
521.50,1
521.67,1
521.83,1
522.00,1
522.17,1
522.33,1
522.50,1
522.67,1
522.83,1
523.00,1
523.17,1
523.33,1
523.50,1
523.67,1
523.83,1
524.00,1
524.17,1
524.33,1
524.50,1
524.67,1
524.83,1
525.00,1
525.17,1
525.33,1
525.50,1
525.67,1
525.83,1
526.00,1
526.17,1
526.33,1
526.50,1
526.67,1
526.83,1
527.00,1
527.17,1
527.33,1
527.50,1
527.67,1
527.83,1
528.00,1
528.17,1
528.33,1
528.50,1
528.67,1
528.83,1
529.00,1
529.17,1
529.33,1
529.50,1
529.67,1
529.83,1
530.00,1
530.17,1
530.33,1
530.50,1
530.67,1
530.83,1
531.00,1
531.17,1
531.33,1
531.50,1
531.67,1
531.83,1
532.00,1
532.17,1
532.33,1
532.50,1
532.67,1
532.83,1
533.00,1
533.17,1
533.33,1
533.50,1
533.67,1
533.83,1
534.00,1
534.17,1
534.33,1
534.50,1
534.67,1
534.83,1
535.00,1
535.17,1
535.33,1
535.50,1
535.67,1
535.83,1
536.00,1
536.17,1
536.33,1
536.50,1
536.67,1
536.83,1
537.00,1
537.17,1
537.33,1
537.50,1
537.67,1
537.83,1
538.00,1
538.17,1
538.33,1
538.50,1
538.67,1
538.83,1
539.00,1
539.17,1
539.33,1
539.50,1
539.67,1
539.83,1
540.00,1
540.00,1
540.17,1
540.33,1
540.50,1
540.67,1
540.83,1
541.00,1
541.17,1
541.33,1
541.50,1
541.67,1
541.83,1
542.00,1
542.17,1
542.33,1
542.50,1
542.67,1
542.83,1
543.00,1
543.17,1
543.33,1
543.50,1
543.67,1
543.83,1
544.00,1
544.17,1
544.33,1
544.50,1
544.67,1
544.83,1
545.00,1
545.17,1
545.33,1
545.50,1
545.67,1
545.83,1
546.00,1
546.17,1
546.33,1
546.50,1
546.67,1
546.83,1
547.00,1
547.17,1
547.33,1
547.50,1
547.67,1
547.83,1
548.00,1
548.17,1
548.33,1
548.50,1
548.67,1
548.83,1
549.00,1
549.17,1
549.33,1
549.50,1
549.67,1
549.83,1
550.00,1
550.17,1
550.33,1
550.50,1
550.67,1
550.83,1
551.00,1
551.17,1
551.33,1
551.50,1
551.67,1
551.83,1
552.00,1
552.17,1
552.33,1
552.50,1
552.67,1
552.83,1
553.00,1
553.17,1
553.33,1
553.50,1
553.67,1
553.83,1
554.00,1
554.17,1
554.33,1
554.50,1
554.67,1
554.83,1
555.00,1
555.17,1
555.33,1
555.50,1
555.67,1
555.83,1
556.00,1
556.17,1
556.33,1
556.50,1
556.67,1
556.83,1
557.00,1
557.17,1
557.33,1
557.50,1
557.67,1
557.83,1
558.00,1
558.17,1
558.33,1
558.50,1
558.67,1
558.83,1
559.00,1
559.17,1
559.33,1
559.50,1
559.67,1
559.83,1
560.00,1
560.00,1
560.17,1
560.33,1
560.50,1
560.67,1
560.83,1
561.00,1
561.17,1
561.33,1
561.50,1
561.67,1
561.83,1
562.00,1
562.17,1
562.33,1
562.50,1
562.67,1
562.83,1
563.00,1
563.17,1
563.33,1
563.50,1
563.67,1
563.83,0
564.00,0
564.17,0
564.33,0
564.50,0
564.67,0
564.83,0
565.00,0
565.17,0
565.33,0
565.50,0
565.67,0
565.83,0
566.00,0
566.17,0
566.33,0
566.50,0
566.67,0
566.83,0
567.00,0
567.17,0
567.33,0
567.50,0
567.67,0
567.83,0
568.00,0
568.17,0
568.33,0
568.50,0
568.67,0
568.83,0
569.00,0
569.17,0
569.33,0
569.50,0
569.67,0
569.83,0
570.00,0
570.17,0
570.33,0
570.50,0
570.67,0
570.83,0
571.00,0
571.17,0
571.33,0
571.50,0
571.67,0
571.83,0
572.00,0
572.17,0
572.33,0
572.50,0
572.67,0
572.83,0
573.00,0
573.17,0
573.33,0
573.50,0
573.67,0
573.83,0
574.00,0
574.17,0
574.33,0
574.50,0
574.67,0
574.83,0
575.00,0
575.17,0
575.33,0
575.50,0
575.67,0
575.83,0
576.00,0
576.17,0
576.33,0
576.50,0
576.67,0
576.83,0
577.00,0
577.17,0
577.33,0
577.50,0
577.67,0
577.83,0
578.00,0
578.17,0
578.33,0
578.50,0
578.67,0
578.83,0
579.00,0
579.17,0
579.33,0
579.50,0
579.67,1
579.83,1
580.00,1
580.00,1
580.17,1
580.33,1
580.50,1
580.67,1
580.83,1
581.00,1
581.17,1
581.33,1
581.50,1
581.67,1
581.83,1
582.00,1
582.17,1
582.33,1
582.50,1
582.67,1
582.83,1
583.00,1
583.17,1
583.33,1
583.50,1
583.67,1
583.83,0
584.00,0
584.17,0
584.33,0
584.50,0
584.67,0
584.83,0
585.00,0
585.17,0
585.33,0
585.50,0
585.67,0
585.83,0
586.00,0
586.17,0
586.33,0
586.50,0
586.67,0
586.83,0
587.00,0
587.17,0
587.33,0
587.50,0
587.67,0
587.83,0
588.00,0
588.17,0
588.33,0
588.50,0
588.67,0
588.83,0
589.00,0
589.17,0
589.33,0
589.50,0
589.67,0
589.83,0
590.00,0
590.17,0
590.33,0
590.50,0
590.67,0
590.83,0
591.00,0
591.17,0
591.33,0
591.50,0
591.67,0
591.83,0
592.00,0
592.17,0
592.33,0
592.50,0
592.67,0
592.83,0
593.00,0
593.17,0
593.33,0
593.50,0
593.67,0
593.83,0
594.00,0
594.17,0
594.33,0
594.50,0
594.67,0
594.83,0
595.00,0
595.17,0
595.33,0
595.50,0
595.67,0
595.83,0
596.00,0
596.17,0
596.33,1
596.50,1
596.67,1
596.83,1
597.00,1
597.17,1
597.33,1
597.50,1
597.67,1
597.83,1
598.00,1
598.17,1
598.33,1
598.50,1
598.67,1
598.83,1
599.00,1
599.17,1
599.33,1
599.50,1
599.67,1
599.83,1
600.00,1
